1	DimLivingroom1 	3760296	17	0	0	0	#000#000#000#000#0#000#000#006#000#	
2	DimLivingroom2 	3761001	17	0	0	0	#000#000#000#000#0#000#000#006#000#	
3	DimLivingroom3 	3760364	17	0	0	0	#000#000#000#000#0#000#000#006#000#	
4	DimLivingroom4 	3421041	17	0	0	0	#000#000#000#000#0#000#000#006#000#	
5	DimLivingroom5 	3760346	17	0	0	0	#000#000#000#000#0#000#000#006#000#	
6	DimDiamond 	3760453	17	0	0	0	#000#000#000#000#0#000#000#006#000#	
7	DimKitchen 	3760445	17	0	0	0	#000#000#000#000#0#000#000#006#000#	
8	DimBathroom 	3288787	17	0	0	0	#000#000#000#000#0#000#000#006#000#	
9	DimToilet 	4054144	17	0	0	0	#000#000#000#000#0#000#000#006#000#	
10	DimHallwayF1 	3760313	17	0	0	0	#000#000#000#000#0#000#000#006#000#	
11	DimBedroom1 	3834770	17	0	0	0	#000#000#000#000#0#000#000#006#000#	
12	DimBedroom2 	3570887	17	0	0	0	#000#000#000#000#0#000#000#006#000#	
13	DblBathroomF0 	4925325	16	0	0	0	#000#000#000#000#0#000#000#005#000#	
14	DimToiletDown 	5057045	17	0	0	0	#000#000#000#000#0#000#000#006#000#	
15	DimBathroomDown 	5027425	17	0	0	0	#000#000#000#000#0#000#000#006#000#	
16	DimInnerHallN 	3288803	17	0	0	0	#000#000#000#000#0#000#000#006#000#	
17	DimInnerHallS 	3812402	17	0	0	0	#000#000#000#000#0#000#000#006#000#	
18	DimOuterHall 	3983148	17	0	0	0	#000#000#000#000#0#000#000#006#000#	
19	DimBedroomF0 	3765830	17	0	0	0	#000#000#000#000#0#000#000#006#000#	
37	HeatF1Z1 	4054168	17	0	0	0	#000#000#000#000#0#000#000#006#000#	
38	HeatF1Z2Z3Z4 	4054182	17	0	0	0	#000#000#000#000#0#000#000#006#000#	
39	HeatF1Z5 	4054152	17	0	0	0	#000#000#000#000#0#000#000#006#000#	
40	HeatF1Z6 	3995929	17	0	0	0	#000#000#000#000#0#000#000#006#000#	
41	BlindsLivingroom 	4446553	27	0	0	0	#000#000#000#000#0#000#000#006#000#	
43	BlindsBedroom2 	4446579	27	0	0	0	#000#000#000#000#0#000#000#006#000#	
54	HomeManager (DP: 21, Comm.-interface => HM)	701419	22	21	0	0	#000#000#000#000#0#000#000#007#000#	
90	DimLivingroom4 	3421041	17	0	0	0	#000#000#000#000#0#000#000#006#000#	
90	DimLivingroom3 	3760364	17	0	0	0	#000#000#000#000#0#000#000#006#000#	
90	DimLivingroom2 	3761001	17	0	0	0	#000#000#000#000#0#000#000#006#000#	
90	DimLivingroom1 	3760296	17	0	0	0	#000#000#000#000#0#000#000#006#000#	
90	DimLivingroom5 	3760346	17	0	0	0	#000#000#000#000#0#000#000#006#000#	
91	DimInnerHallN 	3288803	17	0	0	0	#000#000#000#000#0#000#000#006#000#	
91	DimInnerHallS 	3812402	17	0	0	0	#000#000#000#000#0#000#000#006#000#	
20	SwiLivingroom  (left)	3623427	2	0	0	1	#000#000#000#000#0#000#000#004#000#	
21	SwiLivingroom  (right)	3623427	2	1	0	1	#000#000#000#000#0#000#000#004#000#	
22	SwiKitchen  (left)	3837234	2	0	0	1	#000#000#000#000#0#000#000#004#000#	
23	SwiKitchen  (right)	3837234	2	1	0	1	#000#000#000#000#0#000#000#004#000#	
24	SwiBathroom  (left)	3879949	2	0	0	1	#000#000#000#000#0#000#000#004#000#	
25	SwiBathroom  (right)	3879949	2	1	0	1	#000#000#000#000#0#000#000#004#000#	
26	SwiBedroom1 	4071987	1	0	0	1	#000#000#000#000#0#000#000#004#000#	
27	SwiBedroom2 	3588417	1	0	0	1	#000#000#000#000#0#000#000#004#000#	
28	SwiHallsF0  (left)	5284127	2	0	0	1	#000#000#000#000#0#000#000#138#007#	
29	SwiHallsF0  (right)	5284127	2	1	0	1	#000#000#000#000#0#000#000#138#007#	
30	SwiBedroomF0  (left)	4828350	2	0	0	1	#000#000#000#000#0#000#000#138#000#	
31	SwiBedroomF0  (right)	4828350	2	1	0	1	#000#000#000#000#0#000#000#138#000#	
32	SwiBathroomF0  (Channel 1)	5142573	3	0	0	1	#000#000#000#000#0#000#000#138#002#	
33	SwiBathroomF0  (Channel 2)	5142573	3	1	0	1	#000#000#000#000#0#000#000#138#002#	
34	SwiBathroomF0  (Channel 3)	5142573	3	2	0	1	#000#000#000#000#0#000#000#138#002#	
35	SwiBathroomF0  (Channel 4)	5142573	3	3	0	1	#000#000#000#000#0#000#000#138#002#	
36	SwiMaster 	3316755	1	0	0	1	#000#000#000#000#0#000#000#004#000#	
42	SwiBlindsLivingroom 	3886813	1	0	0	1	#000#000#000#000#0#000#000#004#000#	
44	SwiBlindsBedroom2 	3317072	1	0	0	1	#000#000#000#000#0#000#000#004#000#	
46	SwiHallwayF1 	3886825	1	0	0	1	#000#000#000#000#0#000#000#004#000#	
50	ThermoBedroomF0x 	4023650	5	0	1	1	#000#000#000#000#0#000#000#010#000#	
51	HeatSupplyReturn  (Channel A)	3571782	23	0	1	1	#000#000#000#000#0#000#000#006#000#	
52	HeatSupplyReturn  (Channel B)	3571782	23	1	1	1	#000#000#000#000#0#000#000#006#000#	
53	HomeManager (DP: 11, HM => Comm.-interface)	701419	22	11	0	1	#000#000#000#000#0#000#000#007#000#	
45	ThermoLivingroom 	4023584	5	0	1	1	#000#000#000#000#0#000#000#010#000#	
47	ThermoBathroom 	4021941	5	0	1	1	#000#000#000#000#0#000#000#010#000#	
48	ThermoBedroom1 	4132276	5	0	1	1	#000#000#000#000#0#000#000#010#000#	
49	ThermoBedroom2 	4022062	5	0	1	1	#000#000#000#000#0#000#000#010#000#	
